Grading at Mon Aug 17 14:51:17 UTC 2020
Attempting to compile retirement.c
Checking for struct _retire_info
Found on line 4, column 1 
Checking for field int months
Found on line 5, column 3 
Checking for field double contribution
Found on line 6, column 3 
Checking for field double rate_of_return
Found on line 7, column 3 
Checking for typedef of struct _retire_info to retire_info
Found on line 9, column 1 
Checking for void retirement (int startAge, double initial,  retire_info working,  retire_info retired)
Found on line 20, column 1 
Checking for int main(void)
Found on line 28, column 1 
Trying to run retirement calculator..
Your file matched the expected output
Removing your main() and replacing it with our own to run more tests...
                |         Working              |        Retired         
 Age | Initial  | Saving  |   Rate    | Months | Spending |   Rate    | Months | Result
 240 |     0.00 | 1234.00 | 0.0026700 |   597  | -3567.00 | 0.0007100 |   230  | Correct
 240 |     0.00 | 1234.00 | 0.0026700 |   597  | -3567.00 | 0.0007100 |   382  | Correct
 240 |     0.00 | 1234.00 | 0.0026700 |   597  | -3567.00 | 0.0047500 |   207  | Correct
 240 |     0.00 | 1234.00 | 0.0026700 |   597  | -3567.00 | 0.0047500 |   380  | Correct
 240 |     0.00 | 1234.00 | 0.0026700 |   597  | -6534.00 | 0.0008500 |   208  | Correct
 240 |     0.00 | 1234.00 | 0.0026700 |   597  | -6534.00 | 0.0008500 |   398  | Correct
 240 |     0.00 | 1234.00 | 0.0026700 |   597  | -6534.00 | 0.0048400 |   232  | Correct
 240 |     0.00 | 1234.00 | 0.0026700 |   597  | -6534.00 | 0.0048400 |   377  | Correct
 240 |     0.00 | 1234.00 | 0.0026700 |   597  | -3567.00 | 0.0004100 |   205  | Correct
 240 |     0.00 | 1234.00 | 0.0026700 |   597  | -3567.00 | 0.0004100 |   403  | Correct
 240 |     0.00 | 1234.00 | 0.0026700 |   597  | -3567.00 | 0.0045600 |   211  | Correct
 240 |     0.00 | 1234.00 | 0.0026700 |   597  | -3567.00 | 0.0045600 |   395  | Correct
 240 |     0.00 | 1234.00 | 0.0026700 |   597  | -6534.00 | 0.0006700 |   214  | Correct
 240 |     0.00 | 1234.00 | 0.0026700 |   597  | -6534.00 | 0.0006700 |   376  | Correct
 240 |     0.00 | 1234.00 | 0.0026700 |   597  | -6534.00 | 0.0047900 |   210  | Correct
 240 |     0.00 | 1234.00 | 0.0026700 |   597  | -6534.00 | 0.0047900 |   387  | Correct
 240 |     0.00 | 1234.00 | 0.0056700 |   597  | -3567.00 | 0.0007900 |   227  | Correct
 240 |     0.00 | 1234.00 | 0.0056700 |   597  | -3567.00 | 0.0007900 |   377  | Correct
 240 |     0.00 | 1234.00 | 0.0056700 |   597  | -3567.00 | 0.0047800 |   210  | Correct
 240 |     0.00 | 1234.00 | 0.0056700 |   597  | -3567.00 | 0.0047800 |   376  | Correct
 240 |     0.00 | 1234.00 | 0.0056700 |   597  | -6534.00 | 0.0001500 |   213  | Correct
 240 |     0.00 | 1234.00 | 0.0056700 |   597  | -6534.00 | 0.0001500 |   399  | Correct
 240 |     0.00 | 1234.00 | 0.0056700 |   597  | -6534.00 | 0.0043800 |   216  | Correct
 240 |     0.00 | 1234.00 | 0.0056700 |   597  | -6534.00 | 0.0043800 |   398  | Correct
 240 |     0.00 | 1234.00 | 0.0056700 |   586  | -3567.00 | 0.0005500 |   210  | Correct
 240 |     0.00 | 1234.00 | 0.0056700 |   586  | -3567.00 | 0.0005500 |   376  | Correct
 240 |     0.00 | 1234.00 | 0.0056700 |   586  | -3567.00 | 0.0048500 |   211  | Correct
 240 |     0.00 | 1234.00 | 0.0056700 |   586  | -3567.00 | 0.0048500 |   392  | Correct
 240 |     0.00 | 1234.00 | 0.0056700 |   586  | -6534.00 | 0.0000900 |   205  | Correct
 240 |     0.00 | 1234.00 | 0.0056700 |   586  | -6534.00 | 0.0000900 |   409  | Correct
 240 |     0.00 | 1234.00 | 0.0056700 |   586  | -6534.00 | 0.0040600 |   225  | Correct
 240 |     0.00 | 1234.00 | 0.0056700 |   586  | -6534.00 | 0.0040600 |   393  | Correct
 240 |     0.00 | 3328.00 | 0.0026700 |   597  | -3567.00 | 0.0004100 |   208  | Correct
 240 |     0.00 | 3328.00 | 0.0026700 |   597  | -3567.00 | 0.0004100 |   393  | Correct
 240 |     0.00 | 3328.00 | 0.0026700 |   597  | -3567.00 | 0.0049600 |   210  | Correct
 240 |     0.00 | 3328.00 | 0.0026700 |   597  | -3567.00 | 0.0049600 |   382  | Correct
 240 |     0.00 | 3328.00 | 0.0026700 |   597  | -6534.00 | 0.0009000 |   212  | Correct
 240 |     0.00 | 3328.00 | 0.0026700 |   597  | -6534.00 | 0.0009000 |   379  | Correct
 240 |     0.00 | 3328.00 | 0.0026700 |   597  | -6534.00 | 0.0046700 |   204  | Correct
 240 |     0.00 | 3328.00 | 0.0026700 |   597  | -6534.00 | 0.0046700 |   404  | Correct
 240 |     0.00 | 3328.00 | 0.0026700 |   595  | -3567.00 | 0.0005100 |   233  | Correct
 240 |     0.00 | 3328.00 | 0.0026700 |   595  | -3567.00 | 0.0005100 |   374  | Correct
 240 |     0.00 | 3328.00 | 0.0026700 |   595  | -3567.00 | 0.0041400 |   222  | Correct
 240 |     0.00 | 3328.00 | 0.0026700 |   595  | -3567.00 | 0.0041400 |   379  | Correct
 240 |     0.00 | 3328.00 | 0.0026700 |   595  | -6534.00 | 0.0003000 |   212  | Correct
 240 |     0.00 | 3328.00 | 0.0026700 |   595  | -6534.00 | 0.0003000 |   372  | Correct
 240 |     0.00 | 3328.00 | 0.0026700 |   595  | -6534.00 | 0.0044200 |   227  | Correct
 240 |     0.00 | 3328.00 | 0.0026700 |   595  | -6534.00 | 0.0044200 |   380  | Correct
 240 |     0.00 | 3328.00 | 0.0056700 |   597  | -3567.00 | 0.0000100 |   218  | Correct
 240 |     0.00 | 3328.00 | 0.0056700 |   597  | -3567.00 | 0.0000100 |   403  | Correct
 240 |     0.00 | 3328.00 | 0.0056700 |   597  | -3567.00 | 0.0043000 |   213  | Correct
 240 |     0.00 | 3328.00 | 0.0056700 |   597  | -3567.00 | 0.0043000 |   378  | Correct
 240 |     0.00 | 3328.00 | 0.0056700 |   597  | -6534.00 | 0.0009600 |   230  | Correct
 240 |     0.00 | 3328.00 | 0.0056700 |   597  | -6534.00 | 0.0009600 |   394  | Correct
 240 |     0.00 | 3328.00 | 0.0056700 |   597  | -6534.00 | 0.0043500 |   213  | Correct
 240 |     0.00 | 3328.00 | 0.0056700 |   597  | -6534.00 | 0.0043500 |   402  | Correct
 240 |     0.00 | 3328.00 | 0.0056700 |   597  | -3567.00 | 0.0009000 |   205  | Correct
 240 |     0.00 | 3328.00 | 0.0056700 |   597  | -3567.00 | 0.0009000 |   390  | Correct
 240 |     0.00 | 3328.00 | 0.0056700 |   597  | -3567.00 | 0.0049400 |   211  | Correct
 240 |     0.00 | 3328.00 | 0.0056700 |   597  | -3567.00 | 0.0049400 |   372  | Correct
 240 |     0.00 | 3328.00 | 0.0056700 |   597  | -6534.00 | 0.0009000 |   223  | Correct
 240 |     0.00 | 3328.00 | 0.0056700 |   597  | -6534.00 | 0.0009000 |   406  | Correct
 240 |     0.00 | 3328.00 | 0.0056700 |   597  | -6534.00 | 0.0044400 |   227  | Correct
 240 |     0.00 | 3328.00 | 0.0056700 |   597  | -6534.00 | 0.0044400 |   381  | Correct
 240 | 10226.11 | 1234.00 | 0.0026700 |   597  | -3567.00 | 0.0005900 |   217  | Correct
 240 | 10226.11 | 1234.00 | 0.0026700 |   597  | -3567.00 | 0.0005900 |   405  | Correct
 240 | 10226.11 | 1234.00 | 0.0026700 |   597  | -3567.00 | 0.0045200 |   206  | Correct
 240 | 10226.11 | 1234.00 | 0.0026700 |   597  | -3567.00 | 0.0045200 |   391  | Correct
 240 | 10226.11 | 1234.00 | 0.0026700 |   597  | -6534.00 | 0.0008800 |   219  | Correct
 240 | 10226.11 | 1234.00 | 0.0026700 |   597  | -6534.00 | 0.0008800 |   397  | Correct
 240 | 10226.11 | 1234.00 | 0.0026700 |   597  | -6534.00 | 0.0041600 |   225  | Correct
 240 | 10226.11 | 1234.00 | 0.0026700 |   597  | -6534.00 | 0.0041600 |   393  | Correct
 240 | 10226.11 | 1234.00 | 0.0026700 |   608  | -3567.00 | 0.0002900 |   213  | Correct
 240 | 10226.11 | 1234.00 | 0.0026700 |   608  | -3567.00 | 0.0002900 |   373  | Correct
 240 | 10226.11 | 1234.00 | 0.0026700 |   608  | -3567.00 | 0.0045500 |   207  | Correct
 240 | 10226.11 | 1234.00 | 0.0026700 |   608  | -3567.00 | 0.0045500 |   383  | Correct
 240 | 10226.11 | 1234.00 | 0.0026700 |   608  | -6534.00 | 0.0007400 |   213  | Correct
 240 | 10226.11 | 1234.00 | 0.0026700 |   608  | -6534.00 | 0.0007400 |   392  | Correct
 240 | 10226.11 | 1234.00 | 0.0026700 |   608  | -6534.00 | 0.0042500 |   209  | Correct
 240 | 10226.11 | 1234.00 | 0.0026700 |   608  | -6534.00 | 0.0042500 |   384  | Correct
 240 | 10226.11 | 1234.00 | 0.0056700 |   597  | -3567.00 | 0.0006900 |   229  | Correct
 240 | 10226.11 | 1234.00 | 0.0056700 |   597  | -3567.00 | 0.0006900 |   385  | Correct
 240 | 10226.11 | 1234.00 | 0.0056700 |   597  | -3567.00 | 0.0041900 |   230  | Correct
 240 | 10226.11 | 1234.00 | 0.0056700 |   597  | -3567.00 | 0.0041900 |   376  | Correct
 240 | 10226.11 | 1234.00 | 0.0056700 |   597  | -6534.00 | 0.0008900 |   229  | Correct
 240 | 10226.11 | 1234.00 | 0.0056700 |   597  | -6534.00 | 0.0008900 |   395  | Correct
 240 | 10226.11 | 1234.00 | 0.0056700 |   597  | -6534.00 | 0.0044000 |   214  | Correct
 240 | 10226.11 | 1234.00 | 0.0056700 |   597  | -6534.00 | 0.0044000 |   387  | Correct
 240 | 10226.11 | 1234.00 | 0.0056700 |   610  | -3567.00 | 0.0009900 |   206  | Correct
 240 | 10226.11 | 1234.00 | 0.0056700 |   610  | -3567.00 | 0.0009900 |   381  | Correct
 240 | 10226.11 | 1234.00 | 0.0056700 |   610  | -3567.00 | 0.0045100 |   224  | Correct
 240 | 10226.11 | 1234.00 | 0.0056700 |   610  | -3567.00 | 0.0045100 |   399  | Correct
 240 | 10226.11 | 1234.00 | 0.0056700 |   610  | -6534.00 | 0.0009700 |   208  | Correct
 240 | 10226.11 | 1234.00 | 0.0056700 |   610  | -6534.00 | 0.0009700 |   394  | Correct
 240 | 10226.11 | 1234.00 | 0.0056700 |   610  | -6534.00 | 0.0040300 |   207  | Correct
 240 | 10226.11 | 1234.00 | 0.0056700 |   610  | -6534.00 | 0.0040300 |   372  | Correct
 240 | 10226.11 | 2441.00 | 0.0026700 |   597  | -3567.00 | 0.0007200 |   204  | Correct
 240 | 10226.11 | 2441.00 | 0.0026700 |   597  | -3567.00 | 0.0007200 |   403  | Correct
 240 | 10226.11 | 2441.00 | 0.0026700 |   597  | -3567.00 | 0.0045800 |   222  | Correct
 240 | 10226.11 | 2441.00 | 0.0026700 |   597  | -3567.00 | 0.0045800 |   404  | Correct
 240 | 10226.11 | 2441.00 | 0.0026700 |   597  | -6534.00 | 0.0005700 |   232  | Correct
 240 | 10226.11 | 2441.00 | 0.0026700 |   597  | -6534.00 | 0.0005700 |   377  | Correct
 240 | 10226.11 | 2441.00 | 0.0026700 |   597  | -6534.00 | 0.0045600 |   213  | Correct
 240 | 10226.11 | 2441.00 | 0.0026700 |   597  | -6534.00 | 0.0045600 |   390  | Correct
 240 | 10226.11 | 2441.00 | 0.0026700 |   602  | -3567.00 | 0.0004600 |   205  | Correct
 240 | 10226.11 | 2441.00 | 0.0026700 |   602  | -3567.00 | 0.0004600 |   391  | Correct
 240 | 10226.11 | 2441.00 | 0.0026700 |   602  | -3567.00 | 0.0040500 |   213  | Correct
 240 | 10226.11 | 2441.00 | 0.0026700 |   602  | -3567.00 | 0.0040500 |   391  | Correct
 240 | 10226.11 | 2441.00 | 0.0026700 |   602  | -6534.00 | 0.0009000 |   215  | Correct
 240 | 10226.11 | 2441.00 | 0.0026700 |   602  | -6534.00 | 0.0009000 |   407  | Correct
 240 | 10226.11 | 2441.00 | 0.0026700 |   602  | -6534.00 | 0.0046000 |   209  | Correct
 240 | 10226.11 | 2441.00 | 0.0026700 |   602  | -6534.00 | 0.0046000 |   395  | Correct
 240 | 10226.11 | 2441.00 | 0.0056700 |   597  | -3567.00 | 0.0006100 |   208  | Correct
 240 | 10226.11 | 2441.00 | 0.0056700 |   597  | -3567.00 | 0.0006100 |   403  | Correct
 240 | 10226.11 | 2441.00 | 0.0056700 |   597  | -3567.00 | 0.0044600 |   214  | Correct
 240 | 10226.11 | 2441.00 | 0.0056700 |   597  | -3567.00 | 0.0044600 |   406  | Correct
 240 | 10226.11 | 2441.00 | 0.0056700 |   597  | -6534.00 | 0.0003100 |   216  | Correct
 240 | 10226.11 | 2441.00 | 0.0056700 |   597  | -6534.00 | 0.0003100 |   378  | Correct
 240 | 10226.11 | 2441.00 | 0.0056700 |   597  | -6534.00 | 0.0047700 |   212  | Correct
 240 | 10226.11 | 2441.00 | 0.0056700 |   597  | -6534.00 | 0.0047700 |   404  | Correct
 240 | 10226.11 | 2441.00 | 0.0056700 |   585  | -3567.00 | 0.0006800 |   230  | Correct
 240 | 10226.11 | 2441.00 | 0.0056700 |   585  | -3567.00 | 0.0006800 |   371  | Correct
 240 | 10226.11 | 2441.00 | 0.0056700 |   585  | -3567.00 | 0.0049600 |   217  | Correct
 240 | 10226.11 | 2441.00 | 0.0056700 |   585  | -3567.00 | 0.0049600 |   375  | Correct
 240 | 10226.11 | 2441.00 | 0.0056700 |   585  | -6534.00 | 0.0009700 |   211  | Correct
 240 | 10226.11 | 2441.00 | 0.0056700 |   585  | -6534.00 | 0.0009700 |   375  | Correct
 240 | 10226.11 | 2441.00 | 0.0056700 |   585  | -6534.00 | 0.0043600 |   220  | Correct
 240 | 10226.11 | 2441.00 | 0.0056700 |   585  | -6534.00 | 0.0043600 |   397  | Correct
 345 |     0.00 | 1234.00 | 0.0026700 |   597  | -3567.00 | 0.0001300 |   208  | Correct
 345 |     0.00 | 1234.00 | 0.0026700 |   597  | -3567.00 | 0.0001300 |   373  | Correct
 345 |     0.00 | 1234.00 | 0.0026700 |   597  | -3567.00 | 0.0047700 |   233  | Correct
 345 |     0.00 | 1234.00 | 0.0026700 |   597  | -3567.00 | 0.0047700 |   397  | Correct
 345 |     0.00 | 1234.00 | 0.0026700 |   597  | -6534.00 | 0.0007600 |   211  | Correct
 345 |     0.00 | 1234.00 | 0.0026700 |   597  | -6534.00 | 0.0007600 |   379  | Correct
 345 |     0.00 | 1234.00 | 0.0026700 |   597  | -6534.00 | 0.0047100 |   229  | Correct
 345 |     0.00 | 1234.00 | 0.0026700 |   597  | -6534.00 | 0.0047100 |   408  | Correct
 345 |     0.00 | 1234.00 | 0.0026700 |   589  | -3567.00 | 0.0009700 |   223  | Correct
 345 |     0.00 | 1234.00 | 0.0026700 |   589  | -3567.00 | 0.0009700 |   376  | Correct
 345 |     0.00 | 1234.00 | 0.0026700 |   589  | -3567.00 | 0.0042700 |   221  | Correct
 345 |     0.00 | 1234.00 | 0.0026700 |   589  | -3567.00 | 0.0042700 |   393  | Correct
 345 |     0.00 | 1234.00 | 0.0026700 |   589  | -6534.00 | 0.0000500 |   215  | Correct
 345 |     0.00 | 1234.00 | 0.0026700 |   589  | -6534.00 | 0.0000500 |   383  | Correct
 345 |     0.00 | 1234.00 | 0.0026700 |   589  | -6534.00 | 0.0041900 |   218  | Correct
 345 |     0.00 | 1234.00 | 0.0026700 |   589  | -6534.00 | 0.0041900 |   375  | Correct
 345 |     0.00 | 1234.00 | 0.0056700 |   597  | -3567.00 | 0.0002100 |   233  | Correct
 345 |     0.00 | 1234.00 | 0.0056700 |   597  | -3567.00 | 0.0002100 |   404  | Correct
 345 |     0.00 | 1234.00 | 0.0056700 |   597  | -3567.00 | 0.0042100 |   212  | Correct
 345 |     0.00 | 1234.00 | 0.0056700 |   597  | -3567.00 | 0.0042100 |   408  | Correct
 345 |     0.00 | 1234.00 | 0.0056700 |   597  | -6534.00 | 0.0001200 |   213  | Correct
 345 |     0.00 | 1234.00 | 0.0056700 |   597  | -6534.00 | 0.0001200 |   406  | Correct
 345 |     0.00 | 1234.00 | 0.0056700 |   597  | -6534.00 | 0.0041900 |   230  | Correct
 345 |     0.00 | 1234.00 | 0.0056700 |   597  | -6534.00 | 0.0041900 |   378  | Correct
 345 |     0.00 | 1234.00 | 0.0056700 |   592  | -3567.00 | 0.0002000 |   219  | Correct
 345 |     0.00 | 1234.00 | 0.0056700 |   592  | -3567.00 | 0.0002000 |   381  | Correct
 345 |     0.00 | 1234.00 | 0.0056700 |   592  | -3567.00 | 0.0049200 |   218  | Correct
 345 |     0.00 | 1234.00 | 0.0056700 |   592  | -3567.00 | 0.0049200 |   393  | Correct
 345 |     0.00 | 1234.00 | 0.0056700 |   592  | -6534.00 | 0.0005100 |   219  | Correct
 345 |     0.00 | 1234.00 | 0.0056700 |   592  | -6534.00 | 0.0005100 |   408  | Correct
 345 |     0.00 | 1234.00 | 0.0056700 |   592  | -6534.00 | 0.0042300 |   216  | Correct
 345 |     0.00 | 1234.00 | 0.0056700 |   592  | -6534.00 | 0.0042300 |   373  | Correct
 345 |     0.00 | 2745.00 | 0.0026700 |   597  | -3567.00 | 0.0005100 |   209  | Correct
 345 |     0.00 | 2745.00 | 0.0026700 |   597  | -3567.00 | 0.0005100 |   402  | Correct
 345 |     0.00 | 2745.00 | 0.0026700 |   597  | -3567.00 | 0.0042000 |   225  | Correct
 345 |     0.00 | 2745.00 | 0.0026700 |   597  | -3567.00 | 0.0042000 |   404  | Correct
 345 |     0.00 | 2745.00 | 0.0026700 |   597  | -6534.00 | 0.0009900 |   215  | Correct
 345 |     0.00 | 2745.00 | 0.0026700 |   597  | -6534.00 | 0.0009900 |   386  | Correct
 345 |     0.00 | 2745.00 | 0.0026700 |   597  | -6534.00 | 0.0045700 |   229  | Correct
 345 |     0.00 | 2745.00 | 0.0026700 |   597  | -6534.00 | 0.0045700 |   390  | Correct
 345 |     0.00 | 2745.00 | 0.0026700 |   603  | -3567.00 | 0.0002700 |   226  | Correct
 345 |     0.00 | 2745.00 | 0.0026700 |   603  | -3567.00 | 0.0002700 |   384  | Correct
 345 |     0.00 | 2745.00 | 0.0026700 |   603  | -3567.00 | 0.0045500 |   222  | Correct
 345 |     0.00 | 2745.00 | 0.0026700 |   603  | -3567.00 | 0.0045500 |   403  | Correct
 345 |     0.00 | 2745.00 | 0.0026700 |   603  | -6534.00 | 0.0001900 |   207  | Correct
 345 |     0.00 | 2745.00 | 0.0026700 |   603  | -6534.00 | 0.0001900 |   374  | Correct
 345 |     0.00 | 2745.00 | 0.0026700 |   603  | -6534.00 | 0.0044100 |   225  | Correct
 345 |     0.00 | 2745.00 | 0.0026700 |   603  | -6534.00 | 0.0044100 |   370  | Correct
 345 |     0.00 | 2745.00 | 0.0056700 |   597  | -3567.00 | 0.0001100 |   204  | Correct
 345 |     0.00 | 2745.00 | 0.0056700 |   597  | -3567.00 | 0.0001100 |   399  | Correct
 345 |     0.00 | 2745.00 | 0.0056700 |   597  | -3567.00 | 0.0040400 |   222  | Correct
 345 |     0.00 | 2745.00 | 0.0056700 |   597  | -3567.00 | 0.0040400 |   388  | Correct
 345 |     0.00 | 2745.00 | 0.0056700 |   597  | -6534.00 | 0.0003700 |   233  | Correct
 345 |     0.00 | 2745.00 | 0.0056700 |   597  | -6534.00 | 0.0003700 |   371  | Correct
 345 |     0.00 | 2745.00 | 0.0056700 |   597  | -6534.00 | 0.0044600 |   228  | Correct
 345 |     0.00 | 2745.00 | 0.0056700 |   597  | -6534.00 | 0.0044600 |   381  | Correct
 345 |     0.00 | 2745.00 | 0.0056700 |   600  | -3567.00 | 0.0005500 |   222  | Correct
 345 |     0.00 | 2745.00 | 0.0056700 |   600  | -3567.00 | 0.0005500 |   383  | Correct
 345 |     0.00 | 2745.00 | 0.0056700 |   600  | -3567.00 | 0.0046700 |   214  | Correct
 345 |     0.00 | 2745.00 | 0.0056700 |   600  | -3567.00 | 0.0046700 |   392  | Correct
 345 |     0.00 | 2745.00 | 0.0056700 |   600  | -6534.00 | 0.0001600 |   226  | Correct
 345 |     0.00 | 2745.00 | 0.0056700 |   600  | -6534.00 | 0.0001600 |   377  | Correct
 345 |     0.00 | 2745.00 | 0.0056700 |   600  | -6534.00 | 0.0045500 |   231  | Correct
 345 |     0.00 | 2745.00 | 0.0056700 |   600  | -6534.00 | 0.0045500 |   406  | Correct
 345 |  7457.35 | 1234.00 | 0.0026700 |   597  | -3567.00 | 0.0002200 |   217  | Correct
 345 |  7457.35 | 1234.00 | 0.0026700 |   597  | -3567.00 | 0.0002200 |   387  | Correct
 345 |  7457.35 | 1234.00 | 0.0026700 |   597  | -3567.00 | 0.0045800 |   224  | Correct
 345 |  7457.35 | 1234.00 | 0.0026700 |   597  | -3567.00 | 0.0045800 |   392  | Correct
 345 |  7457.35 | 1234.00 | 0.0026700 |   597  | -6534.00 | 0.0003500 |   233  | Correct
 345 |  7457.35 | 1234.00 | 0.0026700 |   597  | -6534.00 | 0.0003500 |   384  | Correct
 345 |  7457.35 | 1234.00 | 0.0026700 |   597  | -6534.00 | 0.0046200 |   215  | Correct
 345 |  7457.35 | 1234.00 | 0.0026700 |   597  | -6534.00 | 0.0046200 |   389  | Correct
 345 |  7457.35 | 1234.00 | 0.0026700 |   593  | -3567.00 | 0.0001600 |   225  | Correct
 345 |  7457.35 | 1234.00 | 0.0026700 |   593  | -3567.00 | 0.0001600 |   383  | Correct
 345 |  7457.35 | 1234.00 | 0.0026700 |   593  | -3567.00 | 0.0040700 |   228  | Correct
 345 |  7457.35 | 1234.00 | 0.0026700 |   593  | -3567.00 | 0.0040700 |   406  | Correct
 345 |  7457.35 | 1234.00 | 0.0026700 |   593  | -6534.00 | 0.0008500 |   211  | Correct
 345 |  7457.35 | 1234.00 | 0.0026700 |   593  | -6534.00 | 0.0008500 |   390  | Correct
 345 |  7457.35 | 1234.00 | 0.0026700 |   593  | -6534.00 | 0.0042100 |   228  | Correct
 345 |  7457.35 | 1234.00 | 0.0026700 |   593  | -6534.00 | 0.0042100 |   395  | Correct
 345 |  7457.35 | 1234.00 | 0.0056700 |   597  | -3567.00 | 0.0005300 |   221  | Correct
 345 |  7457.35 | 1234.00 | 0.0056700 |   597  | -3567.00 | 0.0005300 |   376  | Correct
 345 |  7457.35 | 1234.00 | 0.0056700 |   597  | -3567.00 | 0.0043600 |   225  | Correct
 345 |  7457.35 | 1234.00 | 0.0056700 |   597  | -3567.00 | 0.0043600 |   384  | Correct
 345 |  7457.35 | 1234.00 | 0.0056700 |   597  | -6534.00 | 0.0009700 |   230  | Correct
 345 |  7457.35 | 1234.00 | 0.0056700 |   597  | -6534.00 | 0.0009700 |   403  | Correct
 345 |  7457.35 | 1234.00 | 0.0056700 |   597  | -6534.00 | 0.0040100 |   233  | Correct
 345 |  7457.35 | 1234.00 | 0.0056700 |   597  | -6534.00 | 0.0040100 |   378  | Correct
 345 |  7457.35 | 1234.00 | 0.0056700 |   598  | -3567.00 | 0.0005000 |   219  | Correct
 345 |  7457.35 | 1234.00 | 0.0056700 |   598  | -3567.00 | 0.0005000 |   385  | Correct
 345 |  7457.35 | 1234.00 | 0.0056700 |   598  | -3567.00 | 0.0042800 |   218  | Correct
 345 |  7457.35 | 1234.00 | 0.0056700 |   598  | -3567.00 | 0.0042800 |   388  | Correct
 345 |  7457.35 | 1234.00 | 0.0056700 |   598  | -6534.00 | 0.0004900 |   223  | Correct
 345 |  7457.35 | 1234.00 | 0.0056700 |   598  | -6534.00 | 0.0004900 |   390  | Correct
 345 |  7457.35 | 1234.00 | 0.0056700 |   598  | -6534.00 | 0.0047500 |   215  | Correct
 345 |  7457.35 | 1234.00 | 0.0056700 |   598  | -6534.00 | 0.0047500 |   381  | Correct
 345 |  7457.35 | 3237.00 | 0.0026700 |   597  | -3567.00 | 0.0004800 |   215  | Correct
 345 |  7457.35 | 3237.00 | 0.0026700 |   597  | -3567.00 | 0.0004800 |   397  | Correct
 345 |  7457.35 | 3237.00 | 0.0026700 |   597  | -3567.00 | 0.0042600 |   213  | Correct
 345 |  7457.35 | 3237.00 | 0.0026700 |   597  | -3567.00 | 0.0042600 |   408  | Correct
 345 |  7457.35 | 3237.00 | 0.0026700 |   597  | -6534.00 | 0.0008200 |   230  | Correct
 345 |  7457.35 | 3237.00 | 0.0026700 |   597  | -6534.00 | 0.0008200 |   381  | Correct
 345 |  7457.35 | 3237.00 | 0.0026700 |   597  | -6534.00 | 0.0044500 |   233  | Correct
 345 |  7457.35 | 3237.00 | 0.0026700 |   597  | -6534.00 | 0.0044500 |   388  | Correct
 345 |  7457.35 | 3237.00 | 0.0026700 |   600  | -3567.00 | 0.0000900 |   211  | Correct
 345 |  7457.35 | 3237.00 | 0.0026700 |   600  | -3567.00 | 0.0000900 |   400  | Correct
 345 |  7457.35 | 3237.00 | 0.0026700 |   600  | -3567.00 | 0.0049700 |   204  | Correct
 345 |  7457.35 | 3237.00 | 0.0026700 |   600  | -3567.00 | 0.0049700 |   400  | Correct
 345 |  7457.35 | 3237.00 | 0.0026700 |   600  | -6534.00 | 0.0000000 |   204  | Correct
 345 |  7457.35 | 3237.00 | 0.0026700 |   600  | -6534.00 | 0.0000000 |   395  | Correct
 345 |  7457.35 | 3237.00 | 0.0026700 |   600  | -6534.00 | 0.0042100 |   217  | Correct
 345 |  7457.35 | 3237.00 | 0.0026700 |   600  | -6534.00 | 0.0042100 |   397  | Correct
 345 |  7457.35 | 3237.00 | 0.0056700 |   597  | -3567.00 | 0.0006000 |   231  | Correct
 345 |  7457.35 | 3237.00 | 0.0056700 |   597  | -3567.00 | 0.0006000 |   405  | Correct
 345 |  7457.35 | 3237.00 | 0.0056700 |   597  | -3567.00 | 0.0049200 |   222  | Correct
 345 |  7457.35 | 3237.00 | 0.0056700 |   597  | -3567.00 | 0.0049200 |   384  | Correct
 345 |  7457.35 | 3237.00 | 0.0056700 |   597  | -6534.00 | 0.0005400 |   208  | Correct
 345 |  7457.35 | 3237.00 | 0.0056700 |   597  | -6534.00 | 0.0005400 |   393  | Correct
 345 |  7457.35 | 3237.00 | 0.0056700 |   597  | -6534.00 | 0.0047800 |   212  | Correct
 345 |  7457.35 | 3237.00 | 0.0056700 |   597  | -6534.00 | 0.0047800 |   392  | Correct
 345 |  7457.35 | 3237.00 | 0.0056700 |   587  | -3567.00 | 0.0006800 |   223  | Correct
 345 |  7457.35 | 3237.00 | 0.0056700 |   587  | -3567.00 | 0.0006800 |   408  | Correct
 345 |  7457.35 | 3237.00 | 0.0056700 |   587  | -3567.00 | 0.0049600 |   214  | Correct
 345 |  7457.35 | 3237.00 | 0.0056700 |   587  | -3567.00 | 0.0049600 |   396  | Correct
 345 |  7457.35 | 3237.00 | 0.0056700 |   587  | -6534.00 | 0.0008400 |   220  | Correct
 345 |  7457.35 | 3237.00 | 0.0056700 |   587  | -6534.00 | 0.0008400 |   372  | Correct
 345 |  7457.35 | 3237.00 | 0.0056700 |   587  | -6534.00 | 0.0049200 |   210  | Correct
 345 |  7457.35 | 3237.00 | 0.0056700 |   587  | -6534.00 | 0.0049200 |   380  | Correct

Overall Grade: A
